PassengerId  Survived    Pclass      Name       Sex       Age     SibSp  \
0      -1.730108 -0.789272  0.827377 -1.310217  0.737695 -0.592481  0.432793   
1      -1.726220  1.266990 -1.566107 -0.991410 -1.355574  0.638789  0.432793   
2      -1.722332  1.266990  0.827377 -0.357685 -1.355574 -0.284663 -0.474545   
3      -1.718444  1.266990 -1.566107 -0.672604 -1.355574  0.407926  0.432793   
4      -1.714556 -0.789272  0.827377 -1.671790  0.737695  0.407926 -0.474545   
..           ...       ...       ...       ...       ...       ...       ...   
883     1.702893 -0.789272 -0.369365 -1.492947  0.737695 -0.130754 -0.474545   
884     1.706781 -0.789272  0.827377  1.352983  0.737695 -0.361618 -0.474545   
886     1.714556 -0.789272 -0.369365  0.400452  0.737695 -0.207709 -0.474545   
889     1.726220  1.266990 -1.566107 -1.415189  0.737695 -0.284663 -0.474545   
890     1.730108 -0.789272  0.827377 -0.874774  0.737695  0.177063 -0.474545   

        Parch    Ticket      Fare     Cabin  Embarked  
0   -0.473674  0.918966 -0.502445  0.451502  0.581114  
1   -0.473674  1.282625  0.786845 -1.381627 -1.938460  
2   -0.473674  1.646283 -0.488854  0.451502  0.581114  
3   -0.473674 -1.442322  0.420730 -2.103768  0.581114  
4   -0.473674  0.664904 -0.486337  0.451502  0.581114  
..        ...       ...       ...       ...       ...  
883 -0.473674  1.128194 -0.437007  0.451502  0.581114  
884 -0.473674  1.551632 -0.506472  0.451502  0.581114  
886 -0.473674 -1.183277 -0.386671  0.451502  0.581114  
889 -0.473674 -1.646568 -0.044381 -1.964895 -1.938460  
890 -0.473674  0.635014 -0.492378  0.451502 -0.678673  

[700 rows x 12 columns]
